4294967294,1459
186,2
4294967279,290
4294967279,287
73,4
73,6
220,4
167,4
67,4
4294967278,244
62,4
344,5
344,4
4294967278,361
351,2
4294967278,137
226,2
204,2
186,4
213,4
226,5
226,4
351,4
204,4
83,4
2,4
4294967294,1451
532,0
4294967279,449
4294967294,170
4294967278,268
4294967278,446
540,7
539,8
4294967278,443
540,6
4294967294,494
4294967294,38
539,7
540,5
540,4
540,3
540,2
540,1
4294967278,382
322,4
4294967278,242
539,6
539,5
539,4
539,3
539,2
539,1
4294967279,245
364,4
4294967294,36
4294967294,1458
4294967279,503
538,5
538,4
538,3
538,2
538,1
37,4
4294967294,408
4294967294,119
4294967278,98
4294967279,448
4294967279,253
4294967279,212
4294967278,210
537,5
537,4
537,3
537,2
537,1
4294967278,240
4294967279,220
4294967278,196
4294967279,197
4294967279,410
4294967278,185
535,4
4294967278,186
535,3
535,2
535,1
4294967279,187
4294967278,329
4294967279,438
4294967278,236
534,6
4294967278,176
534,5
4294967279,177
534,4
534,3
534,2
534,1
4294967294,1431
4294967279,401
4294967294,425
4294967294,989
4294967294,493
4294967278,234
4294967278,165
4294967279,166
4294967294,1441
4294967279,425
4294967279,154
532,5
532,4
4294967279,151
532,3
532,2
532,1
4294967278,150
4294967278,232
4294967279,243
4294967278,144
4294967279,144
4294967278,143
101,4
4294967278,138
365,0
4294967294,0
4294967279,241
406,0
406,5
0,7
4294967294,22
4294967294,1026
4294967294,975
4294967294,17
4294967294,99
4294967294,76
4294967294,46
515,0
515,8
4294967294,418
4294967294,5
4294967278,230
0,5
530,4
530,3
530,2
530,1
4294967294,41
4294967278,228
4294967294,67
4294967294,92
4294967294,88
4294967294,86
4294967279,252
4294967279,238
4294967294,12
4294967294,126
4294967294,166
4294967294,24
4294967294,104
4294967294,106
4294967278,284
4294967278,258
4294967279,231
4294967294,52
489,0
489,8
4294967294,492
4294967294,982
4294967294,1021
4294967294,28
4294967294,27
4294967294,26
489,7
4294967294,2
4294967294,1457
4294967278,346
4294967279,219
516,0
516,6
4294967294,51
4294967294,1023
4294967294,25
4294967294,458
4294967294,457
4294967279,427
527,5
527,4
527,3
527,2
527,1
4294967278,216
4294967294,7
525,6
525,5
525,4
525,3
525,2
525,1
4294967294,96
4294967279,232
4294967294,1454
4294967278,444
4294967294,94
4294967294,1425
83,3
167,3
4294967294,1426
4294967279,230
4294967278,161
4294967294,6
4294967294,491
4294967294,93
4294967294,95
4294967278,319
489,6
4294967279,226
4294967294,429
4294967279,260
4294967294,1453
4294967294,1016
523,6
523,5
523,4
523,3
523,2
523,1
4294967294,1422
4294967294,9
4294967294,8
4294967294,414
4294967294,466
4294967278,318
4294967294,439
4294967294,1444
4294967294,1024
67,3
344,3
351,3
4294967294,1452
4294967294,1445
4294967294,1423
4294967294,489
4294967294,471
37,3
37,0
37,1
37,5
37,2
4294967279,224
4294967279,222
520,5
520,4
520,3
520,2
520,1
4294967294,168
4294967294,1017
4294967294,191
4294967294,479
4294967294,462
510,0
510,6
4294967278,317
519,6
519,5
519,4
519,3
519,2
519,1
4294967279,215
518,9
518,8
518,7
518,6
518,5
518,4
518,3
518,2
518,1
4294967279,396
516,5
516,4
516,3
516,2
516,1
4294967278,310
189,3
4294967294,590
4294967294,1037
4294967294,1428
4294967293,131
4294967293,130
4294967293,129
4294967293,128
4294967293,127
4294967293,126
4294967293,125
4294967293,124
4294967293,123
4294967293,122
4294967293,121
4294967293,120
4294967293,119
4294967293,118
4294967293,117
4294967293,116
4294967293,115
4294967293,114
4294967293,113
4294967293,112
4294967293,111
4294967293,110
4294967293,109
4294967293,108
4294967293,107
4294967293,106
4294967293,105
4294967293,104
4294967293,103
4294967293,102
4294967293,101
4294967293,100
4294967293,99
4294967293,98
4294967293,97
4294967293,96
4294967293,95
4294967293,94
4294967293,93
4294967293,92
4294967293,91
4294967293,90
4294967293,89
4294967293,87
4294967293,86
4294967293,85
4294967293,84
4294967293,83
4294967293,82
4294967293,81
4294967293,80
4294967293,79
4294967293,78
4294967293,77
4294967293,76
4294967293,75
4294967293,74
4294967293,73
4294967293,72
4294967293,71
4294967293,70
4294967293,69
4294967293,68
4294967293,67
4294967293,66
4294967293,65
4294967293,64
4294967293,63
4294967293,62
4294967293,61
4294967293,60
4294967293,59
4294967293,58
4294967293,57
4294967293,56
4294967293,55
4294967293,54
4294967293,53
4294967293,52
4294967293,51
4294967293,50
4294967293,49
4294967293,48
4294967293,47
4294967293,46
4294967293,45
4294967293,44
4294967293,43
4294967293,42
4294967293,41
4294967293,40
4294967293,39
4294967293,38
4294967293,37
4294967293,36
4294967293,35
4294967293,34
4294967293,33
4294967293,32
4294967293,31
4294967293,30
4294967293,29
4294967293,28
4294967293,27
4294967293,26
4294967293,25
4294967293,24
4294967293,23
4294967293,22
4294967293,21
4294967293,20
4294967293,19
4294967293,18
4294967293,17
4294967293,16
4294967293,15
4294967293,14
4294967293,13
4294967293,12
4294967293,11
4294967293,10
4294967293,9
4294967293,8
4294967293,7
4294967293,6
4294967293,5
4294967293,4
4294967293,3
4294967279,66
4294967279,65
4294967279,60
4294967279,58
4294967279,57
4294967279,51
4294967279,49
4294967279,48
4294967279,47
4294967279,46
4294967279,42
4294967279,40
4294967279,38
4294967279,37
4294967279,36
4294967279,34
4294967279,30
4294967279,28
4294967279,27
4294967279,64
4294967279,493
515,7
515,6
515,5
515,4
515,3
515,2
515,1
4294967278,309
4294967278,88
4294967279,56
4294967279,55
4294967278,308
4294967279,138
4294967294,1437
514,6
514,5
514,4
514,3
514,2
514,1
4294967294,1427
4294967279,136
4294967279,45
4294967279,35
4294967279,134
4294967279,44
4294967279,43
4294967279,447
4294967279,41
4294967278,151
4294967279,39
4294967278,149
513,6
513,5
513,4
513,2
513,1
4294967279,33
4294967279,32
4294967279,31
4294967279,29
4294967279,141
4294967279,140
4294967294,1430
512,7
512,6
512,5
512,4
512,3
512,2
512,1
4294967279,446
4294967279,271
4294967278,270
511,7
511,6
511,5
511,4
511,3
511,2
511,1
4294967278,366
4294967279,497
4294967279,445
510,5
510,4
510,3
510,2
510,1
4294967279,399
509,5
4294967279,444
4294967294,1029
4294967294,1031
509,4
509,3
509,2
509,1
147,4
508,6
508,5
508,4
508,3
508,2
508,1
4294967294,401
4294967278,306
4294967279,210
4294967279,204
4294967279,202
4294967279,193
4294967278,191
4294967279,184
4294967279,278
4294967278,169
4294967279,171
4294967278,334
4294967278,160
4294967294,488
4294967279,159
4294967279,133
4294967279,88
4294967278,437
4294967278,370
4294967279,452
4294967279,435
501,5
501,4
501,3
501,2
501,1
4294967278,304
4294967294,416
4294967294,118
4294967294,456
4294967279,437
4294967278,139
4294967279,436
4294967278,302
4294967279,433
4294967278,441
4294967279,468
4294967278,440
4294967278,301
4294967278,259
4294967278,403
4294967278,311
4294967279,314
4294967278,253
4294967278,251
4294967278,239
4294967278,300
4294967279,227
4294967279,225
4294967294,451
4294967294,990
4294967278,299
4294967279,277
4294967278,214
3,7
3,0
4294967278,364
4294967279,432
4294967294,487
4294967279,206
326,4
4294967294,1030
4294967279,200
4294967278,198
4294967279,198
337,4
4294967279,189
492,4
492,2
492,1
4294967279,429
4294967279,500
4294967279,499
4294967294,486
4294967279,428
4294967279,179
491,6
491,5
491,4
491,2
491,1
4294967279,498
4294967278,298
4294967294,1018
4294967294,176
4294967294,1439
4294967294,504
4294967294,484
4294967279,469
4294967278,168
4294967279,169
4294967279,168
4294967279,426
489,5
489,4
489,3
489,2
489,1
4294967279,434
4294967279,143
4294967279,142
4294967278,140
4294967278,359
4294967278,320
4294967294,184
344,0
486,6
4294967278,297
486,5
486,4
486,3
486,2
486,1
4294967278,295
4294967278,436
4294967279,50
4294967279,471
4294967279,442
4294967279,275
4294967294,483
4294967278,252
4294967279,250
4294967279,233
483,5
483,4
483,3
483,2
483,1
222,4
4294967278,220
4294967278,294
482,4
482,3
482,2
482,1
4294967279,201
4294967278,202
481,6
481,5
481,4
481,2
481,1
4294967278,293
4294967279,196
4294967279,195
4294967278,292
4294967278,174
4294967279,194
4294967279,191
4294967279,190
4294967278,187
4294967278,291
4294967279,181
4294967279,180
478,9
478,8
478,7
478,6
4294967278,173
478,5
478,4
478,2
478,1
4294967294,438
4294967278,162
293,3
309,3
476,6
476,5
476,4
476,2
476,1
4294967279,296
4294967278,431
4294967278,423
475,5
475,4
475,3
475,2
475,1
4294967279,298
4294967278,134
4294967278,269
4294967278,289
154,3
4294967294,1443
4294967294,482
305,3
4294967279,443
471,6
4294967294,1440
471,5
471,4
471,3
471,2
471,1
4294967279,242
297,3
